   No. 	   Al2O3 	   TiO2  	   K2O   	   Na2O  	   Cr2O3 	   SiO2  	   FeO   	   CaO   	   MgO   	   MnO   	   O     	  Total  	Comment  
   42  	   9.610 	   0.041 	   0.010 	   6.990 	   0.000 	  57.470 	  18.080 	   0.530 	   6.530 	   0.110 	   0.000 	  99.370 	1802_amph 
   43  	   8.870 	   0.114 	   0.000 	   6.850 	   0.017 	  56.300 	  19.620 	   0.734 	   6.190 	   0.074 	   0.000 	  98.769 	1802_amph 
   44  	   8.700 	   0.126 	   0.000 	   6.810 	   0.039 	  55.980 	  17.360 	   0.580 	   7.430 	   0.130 	   0.000 	  97.154 	1802_amph 
   45  	   9.710 	   0.083 	   0.027 	   6.700 	   0.036 	  55.730 	  17.230 	   0.752 	   6.830 	   0.069 	   0.000 	  97.167 	1802_amph 
   46  	   9.020 	   0.069 	   0.000 	   6.670 	   0.013 	  55.030 	  19.790 	   0.819 	   5.920 	   0.084 	   0.000 	  97.415 	1802_amph 
   47  	   8.880 	   0.026 	   0.010 	   6.610 	   0.000 	  57.300 	  18.410 	   0.550 	   6.680 	   0.083 	   0.000 	  98.549 	1802_amph 
   48  	   9.800 	   0.000 	   0.008 	   6.600 	   0.016 	  56.380 	  19.390 	   0.951 	   5.720 	   0.028 	   0.000 	  98.894 	1802_amph 
   49  	   9.790 	   0.085 	   0.012 	   7.180 	   0.018 	  57.380 	  15.300 	   0.630 	   8.060 	   0.265 	   0.000 	  98.720 	1802_amph 
   50  	   9.810 	   0.066 	   0.000 	   6.880 	   0.023 	  56.070 	  20.010 	   0.962 	   5.690 	   0.073 	   0.000 	  99.585 	1802_amph 
   51  	   8.490 	   0.013 	   0.000 	   6.690 	   0.030 	  57.980 	  16.080 	   0.460 	   8.700 	   0.209 	   0.000 	  98.652 	1802_amph 
   52  	   9.080 	   0.031 	   0.013 	   6.630 	   0.020 	  55.820 	  20.650 	   1.250 	   5.590 	   0.075 	   0.000 	  99.159 	1802_amph 
   53  	   0.016 	   0.035 	   0.000 	   0.000 	   0.041 	   0.020 	   0.273 	  54.290 	   0.056 	   0.073 	   0.000 	  54.804 	1802_amph 
   54  	   0.016 	   0.000 	   0.000 	   0.000 	   0.009 	   0.017 	   0.260 	  54.990 	   0.117 	   0.058 	   0.000 	  55.468 	1802_amph 
   55  	   0.000 	   0.069 	   0.000 	   0.014 	   0.041 	   0.000 	   0.221 	  51.760 	   0.128 	   0.020 	   0.000 	  52.254 	1802_ka 
   56  	  24.600 	   0.223 	   0.010 	   0.000 	   0.025 	  38.530 	  11.110 	  22.960 	   0.035 	   0.254 	   0.000 	  97.748 	1802_ka 
   57  	   9.360 	   0.067 	   0.014 	   7.000 	   0.017 	  56.720 	  16.320 	   0.726 	   7.800 	   0.260 	   0.000 	  98.284 	02_amph 
   58  	   8.510 	   0.119 	   0.000 	   6.720 	   0.030 	  54.430 	  20.570 	   1.001 	   6.040 	   0.087 	   0.000 	  97.506 	02_amph 
   59  	   9.240 	   0.046 	   0.000 	   6.870 	   0.011 	  56.020 	  17.680 	   0.777 	   7.510 	   0.164 	   0.000 	  98.318 	02_amph 
   60  	  23.780 	   0.043 	   0.008 	   0.017 	   0.000 	  38.810 	  12.890 	  22.610 	   0.036 	   0.280 	   0.000 	  98.474 	02_amph 
   61  	   9.340 	   0.060 	   0.029 	   6.910 	   0.000 	  56.650 	  17.940 	   0.472 	   6.720 	   0.143 	   0.000 	  98.263 	02_amph 
   62  	  23.240 	   0.000 	   0.000 	   0.000 	   0.067 	  38.350 	  12.750 	  22.380 	   0.000 	   0.451 	   0.000 	  97.238 	02_amph 
   63  	  23.740 	   0.011 	   0.000 	   0.000 	   0.000 	  38.300 	  12.320 	  22.660 	   0.038 	   0.197 	   0.000 	  97.266 	02_amph 
   64  	  23.720 	   0.105 	   0.000 	   0.000 	   0.036 	  38.440 	  12.280 	  22.500 	   0.030 	   0.221 	   0.000 	  97.331 	02_amph 
   65  	   9.600 	   0.013 	   0.000 	   6.910 	   0.049 	  56.230 	  18.900 	   0.604 	   6.310 	   0.186 	   0.000 	  98.801 	02_amph 
   66  	   4.820 	   0.086 	   0.044 	   6.460 	   0.000 	  56.140 	  22.440 	   1.139 	   7.110 	   0.122 	   0.000 	  98.361 	02_amph 
   67  	   5.140 	   0.034 	   0.000 	   6.390 	   0.014 	  55.810 	  22.080 	   0.905 	   6.960 	   0.172 	   0.000 	  97.506 	02_amph 
   68  	   3.790 	   0.000 	   0.019 	   6.070 	   0.016 	  55.550 	  23.390 	   1.960 	   7.700 	   0.174 	   0.000 	  98.669 	02_amph 
   69  	   9.390 	   0.009 	   0.000 	   7.090 	   0.032 	  57.010 	  17.860 	   0.368 	   6.400 	   0.138 	   0.000 	  98.297 	02_amph 
   70  	   0.019 	   0.000 	   0.000 	   0.000 	   0.039 	 101.300 	   0.284 	   0.089 	   0.000 	   0.008 	   0.000 	 101.738 	02_ka 
   71  	   9.670 	   0.022 	   0.000 	   7.000 	   0.073 	  57.650 	  19.070 	   0.341 	   6.150 	   0.122 	   0.000 	 100.098 	02_amph 
   72  	   8.730 	   0.096 	   0.024 	   6.760 	   0.057 	  57.060 	  18.320 	   0.944 	   7.420 	   0.139 	   0.000 	  99.550 	02_amph 
   73  	   9.640 	   0.000 	   0.015 	   6.720 	   0.073 	  56.080 	  19.490 	   0.945 	   5.950 	   0.149 	   0.000 	  99.062 	02_amph 
   74  	   8.350 	   0.076 	   0.000 	   6.680 	   0.010 	  56.170 	  21.980 	   0.722 	   5.370 	   0.107 	   0.000 	  99.465 	02_amph 
   75  	   0.024 	   0.034 	   0.000 	   0.000 	   0.000 	 102.080 	   0.446 	   0.000 	   0.033 	   0.009 	   0.000 	 102.627 	02_amph 
   76  	  23.920 	   0.150 	   0.000 	   0.031 	   0.101 	  39.020 	  13.180 	  22.650 	   0.033 	   0.305 	   0.000 	  99.390 	02_amph 
   77  	  23.560 	   0.124 	   0.000 	   0.007 	   0.095 	  38.230 	  13.290 	  22.530 	   0.030 	   0.226 	   0.000 	  98.091 	02_amph 
   78  	   8.480 	   0.035 	   0.000 	   7.080 	   0.029 	  57.990 	  16.670 	   0.466 	   8.430 	   0.223 	   0.000 	  99.403 	02_amph 
   79  	   0.010 	   0.009 	   0.000 	   0.000 	   0.000 	   0.000 	   0.247 	  57.550 	   0.090 	   0.065 	   0.000 	  57.972 	02_amph 
   80  	   9.280 	   0.076 	   0.000 	   6.840 	   0.000 	  56.510 	  20.050 	   0.679 	   5.740 	   0.145 	   0.000 	  99.319 	02_amph 
   81  	   9.730 	   0.056 	   0.010 	   7.160 	   0.000 	  58.650 	  16.810 	   0.307 	   7.620 	   0.160 	   0.000 	 100.503 	02_amph 
   82  	   8.030 	   0.000 	   0.027 	   7.130 	   0.000 	  58.220 	  14.910 	   0.378 	   9.780 	   0.058 	   0.000 	  98.533 	02_amph_zentrum 
   83  	   9.100 	   0.047 	   0.018 	   7.150 	   0.000 	  57.680 	  15.240 	   0.393 	   8.740 	   0.089 	   0.000 	  98.456 	02_amph_zentrum 
   84  	   8.800 	   0.000 	   0.000 	   6.850 	   0.025 	  56.450 	  20.840 	   0.713 	   5.650 	   0.139 	   0.000 	  99.467 	02_amph 
   85  	   9.100 	   0.024 	   0.000 	   6.830 	   0.106 	  56.700 	  19.890 	   0.653 	   5.840 	   0.150 	   0.000 	  99.293 	02_amph 
   86  	   0.010 	   0.000 	   0.000 	   0.000 	   0.000 	   0.066 	   0.370 	  59.550 	   0.106 	   0.078 	   0.000 	  60.180 	02_amph 
   87  	   0.021 	   0.010 	   0.000 	   0.012 	   0.000 	 102.300 	   0.019 	   0.034 	   0.011 	   0.056 	   0.000 	 102.462 	02_amph 
   88  	   8.570 	   0.020 	   0.013 	   7.020 	   0.016 	  58.520 	  14.260 	   0.426 	   9.730 	   0.030 	   0.000 	  98.606 	02_amph_in_car 
   89  	  10.020 	   0.000 	   0.010 	   6.560 	   0.000 	  57.980 	  17.230 	   0.562 	   6.560 	   0.131 	   0.000 	  99.052 	02_amph_in_car 
   90  	   0.000 	   0.000 	   0.000 	   0.000 	   0.000 	   0.010 	   0.340 	  54.610 	   0.131 	   0.090 	   0.000 	  55.181 	02_amph_in_car 
   91  	  20.240 	   0.051 	   0.010 	   0.000 	   0.064 	  26.350 	  28.810 	   0.032 	  13.530 	   0.215 	   0.000 	  89.302 	02_chlr 
   92  	  21.000 	   0.052 	   0.000 	   0.000 	   0.090 	  26.800 	  28.610 	   0.013 	  12.770 	   0.348 	   0.000 	  89.683 	02_chlr 
   65  	   8.050 	   0.000 	   0.000 	   6.870 	   0.024 	  54.550 	  16.990 	   0.235 	   7.680 	   0.255 	   0.000 	  94.654 	5_glau 
   66  	   8.260 	   0.000 	   0.009 	   7.040 	   0.000 	  55.430 	  16.700 	   0.256 	   7.740 	   0.313 	   0.000 	  95.748 	5_glau 
   67  	   8.000 	   0.000 	   0.000 	   6.960 	   0.009 	  56.460 	  17.250 	   0.255 	   7.750 	   0.241 	   0.000 	  96.925 	5_glau 
   68  	   8.090 	   0.072 	   0.012 	   6.850 	   0.009 	  54.920 	  17.400 	   0.355 	   7.640 	   0.343 	   0.000 	  95.691 	5_glau_schräg 
   69  	   8.000 	   0.056 	   0.000 	   6.950 	   0.010 	  54.400 	  17.490 	   0.487 	   7.560 	   0.316 	   0.000 	  95.269 	5_glau_schräg 
   70  	   7.830 	   0.046 	   0.014 	   6.910 	   0.000 	  55.570 	  16.960 	   0.341 	   8.120 	   0.280 	   0.000 	  96.070 	5_glau_schräg 
   71  	   8.060 	   0.156 	   0.000 	   6.910 	   0.017 	  55.890 	  16.600 	   0.269 	   8.100 	   0.207 	   0.000 	  96.209 	5_glau_schr 
   72  	   8.290 	   0.000 	   0.011 	   7.170 	   0.000 	  54.420 	  16.900 	   0.241 	   7.820 	   0.248 	   0.000 	  95.101 	5_glau_schr 
   73  	   8.400 	   0.064 	   0.011 	   6.880 	   0.000 	  55.350 	  16.180 	   0.246 	   8.020 	   0.309 	   0.000 	  95.461 	5_glau_schr 
   74  	   8.280 	   0.000 	   0.000 	   7.230 	   0.000 	  55.930 	  16.320 	   0.188 	   8.090 	   0.257 	   0.000 	  96.295 	5_glau_schr 
   75  	   8.060 	   0.030 	   0.014 	   7.230 	   0.000 	  53.540 	  17.250 	   0.180 	   8.110 	   0.286 	   0.000 	  94.700 	5_glau_schr 
   76  	   8.930 	   0.057 	   0.000 	   7.140 	   0.000 	  53.470 	  15.470 	   0.176 	   8.150 	   0.247 	   0.000 	  93.640 	5_glau_schr 
   77  	   8.750 	   0.000 	   0.000 	   7.050 	   0.021 	  55.040 	  17.120 	   0.384 	   7.610 	   0.281 	   0.000 	  96.256 	5_glau 
   78  	   8.310 	   0.000 	   0.000 	   7.270 	   0.000 	  55.780 	  17.160 	   0.337 	   7.700 	   0.318 	   0.000 	  96.874 	5_glau 
   79  	   9.370 	   0.115 	   0.018 	   7.080 	   0.010 	  56.450 	  15.120 	   0.333 	   8.180 	   0.294 	   0.000 	  96.970 	5_glau_schr 
   80  	   8.880 	   0.191 	   0.000 	   7.020 	   0.000 	  54.780 	  15.380 	   0.290 	   8.260 	   0.312 	   0.000 	  95.113 	5_glau_schr 
   81  	   8.080 	   0.040 	   0.000 	   7.000 	   0.010 	  56.080 	  17.170 	   0.324 	   7.870 	   0.282 	   0.000 	  96.856 	5_glau_schr 
   82  	   8.010 	   0.033 	   0.010 	   6.930 	   0.000 	  56.250 	  16.620 	   0.243 	   7.800 	   0.283 	   0.000 	  96.179 	5_glau_in_ep 
   83  	   7.840 	   0.036 	   0.000 	   7.270 	   0.024 	  56.070 	  16.990 	   0.267 	   7.990 	   0.266 	   0.000 	  96.753 	5_glau_in_ep 
   84  	   8.140 	   0.072 	   0.000 	   7.120 	   0.000 	  57.130 	  16.550 	   0.291 	   7.880 	   0.269 	   0.000 	  97.452 	5_glau_in_ep 
   85  	   8.180 	   0.026 	   0.000 	   6.980 	   0.000 	  55.700 	  17.140 	   0.464 	   8.210 	   0.259 	   0.000 	  96.958 	5_glau_in_ep 
   86  	   8.200 	   0.043 	   0.013 	   6.960 	   0.024 	  56.470 	  16.870 	   0.263 	   7.880 	   0.243 	   0.000 	  96.967 	5_glau_in_ep 
   87  	   7.750 	   0.037 	   0.000 	   7.180 	   0.008 	  56.760 	  17.160 	   0.361 	   8.030 	   0.224 	   0.000 	  97.510 	5_glau_in_ep 
   88  	   8.020 	   0.000 	   0.000 	   7.190 	   0.015 	  55.600 	  17.260 	   0.771 	   8.060 	   0.273 	   0.000 	  97.189 	5_glau_in_ep 
   89  	   7.740 	   0.103 	   0.010 	   6.860 	   0.019 	  54.480 	  17.360 	   0.358 	   7.870 	   0.338 	   0.000 	  95.138 	5_glau_in_ep 
   90  	   7.440 	   0.060 	   0.000 	   7.020 	   0.013 	  55.950 	  17.830 	   0.330 	   7.880 	   0.251 	   0.000 	  96.773 	5_glau_in_ep 
   91  	   8.110 	   0.073 	   0.025 	   6.930 	   0.042 	  53.210 	  17.140 	   0.390 	   7.930 	   0.279 	   0.000 	  94.129 	5_glau_in_ep 
   92  	   8.080 	   0.072 	   0.000 	   7.070 	   0.039 	  56.280 	  17.090 	   0.324 	   7.800 	   0.318 	   0.000 	  97.073 	5_glau_in_ep 
   93  	   7.460 	   0.065 	   0.000 	   6.870 	   0.000 	  56.480 	  17.400 	   0.383 	   7.940 	   0.295 	   0.000 	  96.893 	5_glau_in_ep 
   94  	   8.770 	   0.021 	   0.008 	   7.090 	   0.018 	  56.670 	  16.370 	   0.409 	   7.800 	   0.276 	   0.000 	  97.432 	5_glau_in_ab 
   95  	   8.310 	   0.027 	   0.000 	   6.950 	   0.028 	  56.900 	  16.830 	   0.218 	   7.910 	   0.275 	   0.000 	  97.448 	5_glau_in_ab 
   96  	   8.410 	   0.000 	   0.018 	   6.960 	   0.049 	  56.880 	  16.850 	   0.417 	   7.460 	   0.322 	   0.000 	  97.366 	5_glau_in_ab 
   97  	   7.710 	   0.124 	   0.000 	   7.000 	   0.026 	  57.330 	  17.730 	   0.320 	   8.090 	   0.231 	   0.000 	  98.562 	5_glau_in_ab 
   98  	   8.630 	   0.073 	   0.009 	   6.840 	   0.023 	  56.580 	  16.870 	   0.671 	   7.360 	   0.194 	   0.000 	  97.251 	5_glau_in_ab 
   99  	   8.070 	   0.000 	   0.000 	   6.880 	   0.020 	  57.290 	  16.450 	   0.255 	   7.730 	   0.226 	   0.000 	  96.921 	5_glau_in_ab 
  100  	   8.160 	   0.072 	   0.000 	   7.060 	   0.025 	  57.230 	  16.600 	   0.298 	   7.900 	   0.273 	   0.000 	  97.619 	5_glau_in_ab 
  101  	   9.180 	   0.070 	   0.000 	   7.050 	   0.053 	  56.490 	  16.670 	   0.474 	   7.110 	   0.312 	   0.000 	  97.409 	5_glau_in_ab 
  102  	   7.490 	   0.113 	   0.025 	   6.940 	   0.015 	  54.760 	  17.280 	   0.537 	   8.250 	   0.282 	   0.000 	  95.693 	5_glau_in_ab 
  103  	   8.000 	   0.000 	   0.010 	   7.180 	   0.009 	  55.090 	  16.860 	   0.254 	   8.050 	   0.194 	   0.000 	  95.648 	5_glau_in_ab 
  104  	  28.500 	   0.132 	  10.080 	   0.650 	   0.024 	  49.640 	   3.880 	   0.016 	   2.380 	   0.031 	   0.000 	  95.334 	5_glau_in_ab 
  105  	  27.620 	   0.100 	  10.300 	   0.523 	   0.000 	  47.960 	   4.580 	   0.017 	   2.390 	   0.030 	   0.000 	  93.521 	5_glau_in_ab 
  106  	   8.080 	   0.091 	   0.024 	   6.990 	   0.022 	  55.990 	  16.720 	   0.281 	   8.160 	   0.226 	   0.000 	  96.583 	5_glau_schr 
  107  	   6.500 	   0.000 	   0.000 	   6.900 	   0.000 	  55.830 	  20.110 	   0.405 	   7.100 	   0.082 	   0.000 	  96.927 	5_glau_schr 
  108  	   8.160 	   0.056 	   0.007 	   7.090 	   0.000 	  56.030 	  16.930 	   0.206 	   7.820 	   0.294 	   0.000 	  96.593 	5_glau_schr 
  109  	   1.445 	   0.046 	   0.044 	   2.560 	   0.000 	  55.400 	  19.850 	   7.480 	  10.790 	   0.252 	   0.000 	  97.867 	5_glau_schr 
  110  	   8.320 	   0.062 	   0.000 	   7.240 	   0.000 	  55.330 	  16.920 	   0.235 	   8.000 	   0.246 	   0.000 	  96.353 	5_glau_schr 
  111  	   3.060 	   0.211 	   0.760 	   2.660 	   0.018 	  51.540 	  20.390 	   6.770 	  10.750 	   0.213 	   0.000 	  96.372 	5_glau_schr 
  112  	   7.360 	   0.000 	   0.022 	   6.970 	   0.027 	  55.010 	  19.720 	   0.520 	   7.060 	   0.140 	   0.000 	  96.829 	5_glau_schr 
  113  	   7.080 	   0.021 	   0.000 	   6.980 	   0.029 	  54.770 	  19.620 	   0.316 	   7.130 	   0.118 	   0.000 	  96.065 	5_glau_schr 
  114  	   8.350 	   0.010 	   0.000 	   7.020 	   0.027 	  55.620 	  16.920 	   0.212 	   7.970 	   0.287 	   0.000 	  96.415 	5_glau_schr 
  123  	   8.090 	   0.164 	   0.000 	   7.110 	   0.000 	  54.520 	  16.040 	   0.370 	   8.550 	   0.238 	   0.000 	  95.082 	5_glau 
  124  	   8.610 	   0.062 	   0.000 	   6.860 	   0.040 	  54.590 	  16.330 	   0.437 	   8.050 	   0.303 	   0.000 	  95.282 	5_glau 
  125  	   8.200 	   0.081 	   0.000 	   6.980 	   0.000 	  55.360 	  16.740 	   0.255 	   7.910 	   0.229 	   0.000 	  95.755 	5_glau 
  126  	   9.510 	   0.088 	   0.000 	   7.250 	   0.000 	  54.360 	  15.180 	   0.331 	   8.190 	   0.316 	   0.000 	  95.225 	5_glau 
  137  	  10.130 	   0.000 	   0.024 	   7.300 	   0.048 	  58.030 	  12.130 	   0.402 	   9.520 	   0.175 	   0.000 	  97.759 	2b_glau_g_z 
  138  	   9.770 	   0.116 	   0.000 	   7.120 	   0.028 	  57.570 	  12.730 	   0.571 	   9.570 	   0.198 	   0.000 	  97.673 	2b_glau_g_z 
  139  	   8.710 	   0.016 	   0.023 	   7.100 	   0.052 	  57.410 	  14.900 	   0.477 	   9.000 	   0.157 	   0.000 	  97.845 	2b_glau_g_z 
  140  	   9.110 	   0.071 	   0.000 	   7.150 	   0.015 	  57.850 	  13.630 	   0.198 	   9.270 	   0.077 	   0.000 	  97.371 	2b_glau_g_z 
  141  	   8.830 	   0.018 	   0.007 	   7.200 	   0.000 	  58.140 	  13.200 	   0.504 	   9.930 	   0.204 	   0.000 	  98.034 	2b_glau_g_z 
  142  	   8.140 	   0.000 	   0.000 	   7.000 	   0.041 	  57.530 	  14.280 	   0.947 	   9.610 	   0.164 	   0.000 	  97.711 	2b_glau_g_z 
  143  	   8.880 	   0.000 	   0.000 	   7.140 	   0.046 	  57.070 	  14.810 	   0.493 	   9.100 	   0.143 	   0.000 	  97.682 	2b_glau_in_car_g 
  144  	   9.060 	   0.000 	   0.007 	   7.230 	   0.000 	  57.470 	  14.070 	   0.630 	   9.800 	   0.255 	   0.000 	  98.523 	2b_glau_in_car_g 
  145  	  22.670 	   0.080 	   0.000 	   0.011 	   0.075 	  37.720 	  13.180 	  23.010 	   0.021 	   0.499 	   0.000 	  97.265 	2b_glau_in_car_g 
  146  	   8.840 	   0.132 	   0.017 	   7.170 	   0.068 	  57.550 	  14.180 	   0.658 	   9.670 	   0.255 	   0.000 	  98.540 	2b_glau_in_car_g 
  147  	   9.740 	   0.080 	   0.000 	   7.240 	   0.000 	  57.040 	  13.010 	   0.636 	   9.660 	   0.241 	   0.000 	  97.646 	2b_glau_in_car 
  148  	   8.560 	   0.054 	   0.000 	   7.120 	   0.000 	  57.290 	  14.050 	   0.458 	   9.880 	   0.152 	   0.000 	  97.563 	2b_glau_in_car 
  149  	   9.870 	   0.173 	   0.007 	   7.120 	   0.037 	  57.740 	  12.220 	   0.640 	   9.730 	   0.175 	   0.000 	  97.711 	2b_glau_in_car 
  150  	   9.770 	   0.000 	   0.000 	   7.160 	   0.039 	  57.420 	  12.500 	   0.645 	   9.650 	   0.181 	   0.000 	  97.365 	2b_glau 
  151  	   9.120 	   0.000 	   0.000 	   6.940 	   0.000 	  56.720 	  13.120 	   0.504 	   9.850 	   0.170 	   0.000 	  96.425 	2b_glau 
  152  	   8.060 	   0.161 	   0.000 	   6.950 	   0.046 	  56.430 	  14.550 	   0.528 	   9.760 	   0.188 	   0.000 	  96.672 	2b_glau_schr 
  153  	   8.640 	   0.068 	   0.000 	   7.170 	   0.000 	  56.560 	  13.860 	   0.445 	   9.600 	   0.150 	   0.000 	  96.494 	2b_glau_schr 
  154  	   0.019 	   0.000 	   0.000 	   0.000 	   0.032 	   0.043 	   0.404 	  54.910 	   0.033 	   0.024 	   0.000 	  55.466 	2b_glau_schr 
  157  	   8.100 	   0.054 	   0.000 	   7.020 	   0.000 	  53.520 	  14.850 	   0.376 	   9.110 	   0.109 	   0.000 	  93.139 	2b_glau_kopf 
  158  	   8.390 	   0.099 	   0.008 	   7.210 	   0.025 	  52.780 	  14.930 	   0.725 	   9.500 	   0.178 	   0.000 	  93.845 	2b_glau_kopf 
  159  	   8.600 	   0.020 	   0.017 	   7.210 	   0.034 	  56.640 	  14.390 	   0.561 	   9.530 	   0.113 	   0.000 	  97.115 	2b_glau_kopf 
  160  	   9.060 	   0.046 	   0.000 	   7.180 	   0.017 	  56.840 	  13.640 	   0.502 	   9.770 	   0.157 	   0.000 	  97.212 	2b_glau_kopf 
  167  	   1.315 	   0.063 	   0.063 	   0.631 	   0.013 	  53.270 	  16.160 	  11.550 	  13.210 	   0.369 	   0.000 	  96.644 	3b_kl_amph_im_ab 
  168  	   1.111 	   0.000 	   0.036 	   0.511 	   0.010 	  53.420 	  16.960 	  11.640 	  12.940 	   0.367 	   0.000 	  96.995 	3b_kl_amph_im_ab 
  169  	   0.731 	   0.031 	   0.010 	   0.403 	   0.000 	  53.360 	  16.220 	  11.820 	  13.530 	   0.407 	   0.000 	  96.513 	3b_kl_amph_im_ab 
  170  	  10.620 	   0.082 	   0.000 	   6.790 	   0.000 	  55.140 	  18.150 	   0.562 	   5.650 	   0.117 	   0.000 	  97.111 	3b_amph_blau 
  171  	   9.560 	   0.028 	   0.000 	   6.930 	   0.000 	  54.840 	  19.330 	   0.513 	   5.130 	   0.154 	   0.000 	  96.485 	3b_amph_blau 
  172  	  24.730 	   0.112 	   0.000 	   0.011 	   0.024 	  36.620 	  11.780 	  22.300 	   0.113 	   0.292 	   0.000 	  95.982 	3b_amph_blau 
  173  	   1.719 	   0.013 	   0.079 	   0.949 	   0.032 	  52.140 	  17.970 	  11.170 	  12.140 	   0.309 	   0.000 	  96.522 	3b_amph_blau 
  174  	   1.021 	   0.070 	   0.052 	   0.592 	   0.037 	  53.960 	  17.410 	  11.580 	  12.560 	   0.357 	   0.000 	  97.639 	3b_amph 
  175  	   1.190 	   0.025 	   0.061 	   0.688 	   0.000 	  52.950 	  17.890 	  11.490 	  12.460 	   0.340 	   0.000 	  97.094 	3b_amph 
  176  	   1.072 	   0.000 	   0.057 	   0.617 	   0.000 	  53.330 	  16.480 	  11.500 	  12.970 	   0.330 	   0.000 	  96.356 	3b_amph 
  177  	   8.800 	   0.083 	   0.016 	   6.350 	   0.008 	  53.990 	  18.090 	   1.680 	   7.150 	   0.249 	   0.000 	  96.416 	3b_amp 
  178  	   4.720 	   0.024 	   0.026 	   2.880 	   0.017 	  54.240 	  15.960 	   7.720 	  11.140 	   0.354 	   0.000 	  97.080 	3b_amp 
  179  	   2.030 	   0.031 	   0.071 	   0.910 	   0.038 	  52.040 	  17.880 	  11.050 	  12.150 	   0.431 	   0.000 	  96.631 	3b_amp 
  180  	   9.950 	   0.154 	   0.000 	   6.580 	   0.107 	  54.400 	  16.560 	   0.848 	   6.540 	   0.230 	   0.000 	  95.369 	3b_amp 
  181  	   2.100 	   0.023 	   0.058 	   0.898 	   0.053 	  52.740 	  16.080 	  11.260 	  13.580 	   0.496 	   0.000 	  97.288 	3b_amp 
  182  	   1.607 	   0.009 	   0.053 	   0.822 	   0.000 	  53.580 	  17.200 	  11.400 	  12.490 	   0.400 	   0.000 	  97.561 	3b_amph 
  183  	   1.980 	   0.025 	   0.055 	   0.815 	   0.123 	  53.780 	  16.050 	  11.460 	  12.970 	   0.436 	   0.000 	  97.695 	3b_amph 
  184  	   1.590 	   0.092 	   0.087 	   0.699 	   0.204 	  52.590 	  16.840 	  11.710 	  12.960 	   0.402 	   0.000 	  97.174 	3b_amph 
  185  	   1.342 	   0.115 	   0.050 	   0.738 	   0.041 	  53.500 	  16.210 	  11.460 	  13.170 	   0.414 	   0.000 	  97.038 	3b_amph 
  186  	   1.113 	   0.099 	   0.054 	   0.695 	   0.025 	  52.890 	  17.750 	  11.440 	  12.640 	   0.370 	   0.000 	  97.076 	3b_amph 
  187  	   2.100 	   0.000 	   0.072 	   0.889 	   0.013 	  52.890 	  14.740 	  11.520 	  14.140 	   0.428 	   0.000 	  96.792 	3b_glau 
  188  	   1.454 	   0.067 	   0.057 	   0.558 	   0.016 	  53.300 	  14.440 	  11.790 	  14.370 	   0.361 	   0.000 	  96.413 	3b_glau 
  189  	   1.556 	   0.036 	   0.059 	   0.676 	   0.030 	  53.200 	  15.360 	  11.670 	  13.310 	   0.465 	   0.000 	  96.362 	3b_glau 
  190  	   2.140 	   0.017 	   0.067 	   0.905 	   0.018 	  52.900 	  15.780 	  11.260 	  13.140 	   0.406 	   0.000 	  96.633 	3b_glau 
  191  	   2.180 	   0.000 	   0.058 	   0.873 	   0.000 	  52.890 	  15.670 	  11.300 	  13.210 	   0.357 	   0.000 	  96.538 	3b_glau 
  192  	  18.970 	   0.000 	   0.000 	   0.000 	   0.034 	  26.290 	  29.540 	   0.196 	  12.520 	   0.370 	   0.000 	  87.919 	3b_glau_mit_chl 
  193  	   9.700 	   0.150 	   0.006 	   6.690 	   0.000 	  54.220 	  19.610 	   0.624 	   5.360 	   0.135 	   0.000 	  96.495 	3b_glau_mit_chl 
  194  	   9.110 	   0.085 	   0.000 	   6.850 	   0.000 	  54.820 	  19.450 	   0.452 	   5.230 	   0.082 	   0.000 	  96.079 	3b_glau_mit_chl 
  195  	   1.056 	   0.000 	   0.054 	   0.648 	   0.000 	  52.340 	  18.420 	  11.640 	  12.080 	   0.392 	   0.000 	  96.629 	3b_glau_mit_chl 
  196  	   9.360 	   0.076 	   0.000 	   6.510 	   0.040 	  53.530 	  19.250 	   1.282 	   5.940 	   0.125 	   0.000 	  96.114 	3b_glau 
  197  	   9.200 	   0.090 	   0.010 	   7.060 	   0.000 	  52.880 	  20.150 	   0.519 	   5.240 	   0.135 	   0.000 	  95.284 	3b_glau 
  198  	   6.390 	   0.010 	   0.681 	   0.167 	   0.010 	  46.520 	  29.440 	   0.203 	   5.930 	   1.239 	   0.000 	  90.589 	3b_glau 
  199  	   0.819 	   0.000 	   0.044 	   0.497 	   0.000 	  52.680 	  17.130 	  11.710 	  12.970 	   0.330 	   0.000 	  96.181 	3b_glau 
  248  	   7.870 	   0.022 	   0.010 	   6.420 	   0.000 	  54.590 	  18.330 	   0.910 	   6.440 	   0.168 	   0.000 	  94.761 	3b_Glau 
  249  	   8.640 	   0.029 	   0.000 	   6.860 	   0.000 	  53.820 	  20.620 	   0.444 	   4.870 	   0.113 	   0.000 	  95.396 	3b_Glau 
  250  	   6.470 	   0.124 	   0.018 	   6.140 	   0.016 	  54.050 	  19.730 	   1.690 	   6.680 	   0.146 	   0.000 	  95.065 	3b_Glau 
  251  	   6.730 	   0.059 	   0.010 	   6.250 	   0.000 	  54.640 	  18.980 	   1.450 	   6.790 	   0.214 	   0.000 	  95.123 	3b_Glau 
  252  	   1.147 	   0.018 	   0.048 	   0.488 	   0.000 	  53.400 	  14.880 	  11.840 	  13.850 	   0.335 	   0.000 	  96.005 	3b_Glau 
  253  	   1.910 	   0.062 	   0.055 	   0.850 	   0.010 	  52.520 	  16.360 	  11.300 	  12.750 	   0.345 	   0.000 	  96.163 	3b_ka 
  254  	   1.616 	   0.052 	   0.036 	   0.743 	   0.000 	  53.330 	  14.200 	  11.430 	  13.850 	   0.428 	   0.000 	  95.685 	3b_ka 
  255  	   1.880 	   0.094 	   0.071 	   0.885 	   0.000 	  51.790 	  17.570 	  11.050 	  11.850 	   0.459 	   0.000 	  95.649 	3b_glau 
  256  	   1.643 	   0.000 	   0.068 	   0.810 	   0.000 	  51.900 	  17.830 	  11.050 	  11.620 	   0.393 	   0.000 	  95.314 	3b_ka 
  115  	  10.200 	   0.000 	   0.008 	   6.990 	   0.000 	  57.160 	  13.330 	   1.103 	   8.690 	   0.220 	   0.000 	  97.701 	1a_glau 
  116  	  10.750 	   0.109 	   0.009 	   7.150 	   0.025 	  57.490 	  13.200 	   0.701 	   8.440 	   0.194 	   0.000 	  98.068 	1a_glau 
  117  	   0.891 	   0.000 	   0.044 	   0.647 	   0.058 	  56.620 	  10.350 	  12.020 	  17.370 	   0.329 	   0.000 	  98.329 	1a_glau 
  118  	   1.057 	   0.019 	   0.064 	   0.950 	   0.042 	  56.080 	  11.760 	  11.340 	  16.210 	   0.405 	   0.000 	  97.927 	1a_glau 
  119  	  10.730 	   0.000 	   0.011 	   7.310 	   0.019 	  58.840 	  12.020 	   0.411 	   8.840 	   0.217 	   0.000 	  98.399 	1a_glau 
  120  	  10.920 	   0.059 	   0.011 	   7.320 	   0.013 	  58.910 	  12.400 	   0.318 	   8.530 	   0.236 	   0.000 	  98.717 	1a_glau 
  121  	  10.260 	   0.114 	   0.000 	   6.910 	   0.014 	  58.250 	  14.020 	   0.980 	   8.280 	   0.205 	   0.000 	  99.033 	1a_glau 
  122  	  10.260 	   0.146 	   0.008 	   6.760 	   0.000 	  58.230 	  14.270 	   1.030 	   8.260 	   0.190 	   0.000 	  99.153 	1a_glau 
  123  	  10.700 	   0.000 	   0.014 	   7.080 	   0.000 	  58.430 	  12.350 	   0.557 	   8.670 	   0.180 	   0.000 	  97.981 	1a_glau_schräg 
  124  	  11.140 	   0.154 	   0.015 	   7.120 	   0.032 	  58.080 	  12.380 	   0.482 	   8.490 	   0.189 	   0.000 	  98.081 	1a_glau_schräg 
  125  	  11.230 	   0.096 	   0.000 	   7.030 	   0.007 	  57.810 	  12.860 	   0.646 	   8.460 	   0.218 	   0.000 	  98.356 	1a_glau_schräg 
  126  	  11.420 	   0.045 	   0.023 	   7.110 	   0.040 	  57.920 	  12.830 	   0.655 	   8.360 	   0.230 	   0.000 	  98.632 	1a_glau_schräg 
  127  	  10.630 	   0.059 	   0.014 	   6.990 	   0.017 	  57.090 	  13.390 	   0.775 	   8.600 	   0.180 	   0.000 	  97.744 	1a_glau 
  128  	  11.180 	   0.012 	   0.013 	   7.280 	   0.015 	  57.230 	  12.860 	   0.484 	   8.540 	   0.174 	   0.000 	  97.788 	1a_glau 
  129  	  11.340 	   0.064 	   0.012 	   7.070 	   0.031 	  56.970 	  12.950 	   0.568 	   8.310 	   0.199 	   0.000 	  97.514 	1a_glau 
  130  	  11.450 	   0.104 	   0.000 	   7.420 	   0.056 	  56.760 	  13.010 	   0.612 	   8.250 	   0.202 	   0.000 	  97.863 	1a_glau 
  131  	  10.900 	   0.009 	   0.014 	   7.030 	   0.021 	  57.230 	  13.410 	   0.778 	   8.520 	   0.195 	   0.000 	  98.108 	1a_glau 
  132  	  11.450 	   0.068 	   0.000 	   7.240 	   0.017 	  57.840 	  12.650 	   0.481 	   8.170 	   0.162 	   0.000 	  98.079 	1a_glau 
  133  	  10.810 	   0.021 	   0.000 	   7.270 	   0.000 	  58.040 	  12.970 	   0.539 	   8.860 	   0.157 	   0.000 	  98.668 	1a_glau 
  134  	  11.200 	   0.041 	   0.009 	   7.150 	   0.030 	  56.500 	  12.750 	   0.466 	   8.250 	   0.162 	   0.000 	  96.557 	1a_glau_kopf 
  135  	  11.100 	   0.060 	   0.006 	   7.190 	   0.008 	  55.580 	  13.320 	   0.710 	   8.200 	   0.195 	   0.000 	  96.369 	1a_glau_kopf 
  136  	  10.980 	   0.022 	   0.000 	   7.260 	   0.031 	  56.800 	  12.430 	   0.196 	   8.670 	   0.149 	   0.000 	  96.537 	1a_glau_kopf 
  137  	  11.170 	   0.009 	   0.027 	   7.190 	   0.000 	  57.260 	  11.570 	   0.534 	   8.740 	   0.300 	   0.000 	  96.800 	1b_glau 
  138  	  11.190 	   0.021 	   0.021 	   6.990 	   0.008 	  56.920 	  12.590 	   0.778 	   8.600 	   0.175 	   0.000 	  97.293 	1b_glau 
  139  	  11.300 	   0.100 	   0.013 	   7.120 	   0.023 	  57.310 	  12.480 	   0.589 	   8.780 	   0.184 	   0.000 	  97.899 	1b_glau 
  141  	  10.930 	   0.062 	   0.007 	   7.200 	   0.025 	  56.530 	  11.670 	   0.238 	   8.970 	   0.224 	   0.000 	  95.856 	1b_glau_schräg 
  142  	  11.040 	   0.042 	   0.014 	   7.040 	   0.021 	  56.150 	  11.590 	   0.425 	   9.340 	   0.194 	   0.000 	  95.855 	1b_glau_schräg 
  143  	  10.990 	   0.000 	   0.007 	   7.300 	   0.000 	  56.770 	  11.490 	   0.148 	   8.990 	   0.215 	   0.000 	  95.910 	1b_glau_schräg 
  144  	  11.560 	   0.118 	   0.013 	   7.220 	   0.000 	  55.860 	  12.140 	   0.569 	   8.760 	   0.203 	   0.000 	  96.444 	1b_glau_schräg 
  145  	   9.910 	   0.271 	   0.011 	   6.570 	   0.043 	  54.100 	  13.970 	   1.900 	   8.300 	   0.154 	   0.000 	  95.230 	1b_glau_schräg_gr 
  146  	   8.760 	   0.068 	   0.000 	   6.690 	   0.029 	  54.980 	  15.280 	   1.270 	   8.390 	   0.200 	   0.000 	  95.668 	1b_glau_schräg_gr 
  147  	  11.410 	   0.000 	   0.021 	   7.170 	   0.029 	  55.640 	  12.560 	   0.608 	   8.510 	   0.185 	   0.000 	  96.134 	1b_glau_schräg_gr 
  148  	  10.660 	   0.108 	   0.000 	   7.110 	   0.000 	  55.580 	  13.850 	   0.471 	   8.150 	   0.123 	   0.000 	  96.051 	1b_glau_schräg_gr 
  149  	  10.930 	   0.096 	   0.007 	   6.900 	   0.000 	  55.360 	  13.000 	   0.717 	   8.920 	   0.086 	   0.000 	  96.017 	1b_glau_schräg_gr 
  155  	  11.180 	   0.023 	   0.000 	   7.470 	   0.000 	  57.960 	  12.080 	   0.196 	   8.730 	   0.264 	   0.000 	  97.903 	1b_ab_mit_glau 
  156  	  10.540 	   0.119 	   0.000 	   6.810 	   0.000 	  56.220 	  12.310 	   1.030 	   8.850 	   0.161 	   0.000 	  96.039 	1b_ab_mit_glau 
  157  	  11.020 	   0.000 	   0.000 	   6.940 	   0.031 	  57.710 	  12.560 	   0.679 	   8.750 	   0.243 	   0.000 	  97.932 	1b_ab_mit_glau 
  158  	  11.350 	   0.050 	   0.000 	   7.190 	   0.008 	  56.960 	  11.830 	   0.560 	   8.730 	   0.107 	   0.000 	  96.784 	1b_ab_mit_glau 
  159  	   1.171 	   0.000 	   0.068 	   1.870 	   0.022 	  55.080 	  14.880 	   9.750 	  13.840 	   0.220 	   0.000 	  96.902 	1b_glau_in_ab 
  160  	  10.460 	   0.000 	   0.000 	   7.020 	   0.000 	  57.240 	  13.080 	   0.615 	   8.460 	   0.254 	   0.000 	  97.129 	1b_glau_in_ab 
  161  	  10.660 	   0.072 	   0.000 	   7.260 	   0.000 	  57.740 	  12.430 	   0.247 	   8.600 	   0.278 	   0.000 	  97.287 	1b_glau_in_ab 
  162  	   0.826 	   0.000 	   0.051 	   1.023 	   0.000 	  55.690 	  12.550 	  11.350 	  15.740 	   0.340 	   0.000 	  97.570 	1b_glau_in_ab 
  163  	  11.400 	   0.028 	   0.000 	   7.280 	   0.000 	  54.950 	  12.170 	   0.487 	   8.670 	   0.248 	   0.000 	  95.234 	1b_glau_in_car 
  164  	  10.550 	   0.000 	   0.027 	   6.780 	   0.026 	  54.340 	  12.030 	   1.022 	   9.130 	   0.196 	   0.000 	  94.101 	1b_glau_in_car 
  165  	  10.890 	   0.000 	   0.000 	   7.270 	   0.000 	  55.810 	  11.670 	   0.186 	   9.240 	   0.318 	   0.000 	  95.385 	1b_glau_in_car 
  166  	  10.150 	   0.105 	   0.028 	   6.730 	   0.019 	  54.570 	  12.840 	   1.329 	   9.150 	   0.226 	   0.000 	  95.146 	1b_glau_in_car 
  167  	  10.230 	   0.057 	   0.023 	   6.690 	   0.000 	  54.780 	  13.150 	   1.295 	   9.160 	   0.274 	   0.000 	  95.659 	1b_glau_in_car 
  168  	  10.770 	   0.048 	   0.018 	   7.050 	   0.036 	  57.040 	  12.550 	   0.452 	   8.720 	   0.410 	   0.000 	  97.094 	1b_glau_in_ab 
  169  	  10.910 	   0.077 	   0.000 	   7.230 	   0.044 	  56.910 	  12.740 	   0.285 	   8.200 	   0.327 	   0.000 	  96.722 	1b_glau_in_ab 
  170  	  11.030 	   0.094 	   0.014 	   7.330 	   0.015 	  55.400 	  12.370 	   0.600 	   8.900 	   0.171 	   0.000 	  95.924 	1b_glau_in_ab 
  171  	  10.960 	   0.013 	   0.000 	   7.370 	   0.011 	  56.900 	  11.850 	   0.172 	   8.640 	   0.154 	   0.000 	  96.071 	1b_glau_in_ab 
  172  	  11.330 	   0.019 	   0.015 	   7.160 	   0.000 	  58.110 	  12.190 	   0.662 	   8.650 	   0.184 	   0.000 	  98.320 	1b_glau_in_car 
  173  	  11.320 	   0.000 	   0.000 	   7.320 	   0.000 	  58.500 	  11.270 	   0.299 	   9.000 	   0.204 	   0.000 	  97.913 	1b_glau_in_car 
  174  	  10.730 	   0.037 	   0.016 	   7.220 	   0.000 	  55.760 	  12.530 	   0.345 	   8.850 	   0.339 	   0.000 	  95.828 	1b_glau_kopf 
  175  	  10.570 	   0.024 	   0.008 	   7.110 	   0.009 	  56.320 	  12.710 	   0.301 	   8.760 	   0.293 	   0.000 	  96.106 	1b_glau_kopf 
  176  	   9.800 	   0.000 	   0.018 	   7.100 	   0.021 	  55.500 	  13.060 	   0.563 	   9.190 	   0.406 	   0.000 	  95.658 	1b_glau_kopf 
  177  	   1.603 	   0.127 	   0.056 	   0.761 	   0.130 	  55.110 	  16.300 	  11.500 	  12.570 	   0.399 	   0.000 	  98.557 	3a_amph_in_chl 
  178  	   1.266 	   0.039 	   0.073 	   0.762 	   0.085 	  55.460 	  17.910 	  11.280 	  11.670 	   0.382 	   0.000 	  98.927 	3a_amph_in_chl 
  179  	   2.020 	   0.052 	   0.048 	   0.715 	   0.077 	  55.370 	  15.960 	  11.560 	  12.920 	   0.437 	   0.000 	  99.160 	3a_amph_in_chl 
  180  	   1.229 	   0.029 	   0.050 	   0.506 	   0.027 	  55.840 	  15.580 	  12.140 	  13.530 	   0.415 	   0.000 	  99.346 	3a_amph_in_chl 
  181  	   2.070 	   0.000 	   0.071 	   0.964 	   0.027 	  54.440 	  15.780 	  11.100 	  13.050 	   0.548 	   0.000 	  98.050 	3a_glau_quer_s 
  182  	   2.210 	   0.016 	   0.052 	   1.128 	   0.036 	  54.590 	  14.950 	  11.140 	  13.250 	   0.499 	   0.000 	  97.871 	3a_glau_quer_s 
  183  	   1.784 	   0.018 	   0.056 	   0.893 	   0.011 	  53.660 	  17.320 	  11.120 	  12.130 	   0.401 	   0.000 	  97.393 	3a_glau 
  184  	   1.862 	   0.089 	   0.073 	   1.021 	   0.044 	  53.230 	  17.890 	  11.210 	  11.750 	   0.332 	   0.000 	  97.501 	3a_glau 
  185  	   1.552 	   0.000 	   0.062 	   0.859 	   0.014 	  53.500 	  17.270 	  11.570 	  12.240 	   0.456 	   0.000 	  97.523 	3a_glau 
  186  	  25.230 	   0.040 	   0.014 	   0.039 	   0.025 	  35.830 	   9.540 	  23.260 	   0.033 	   0.287 	   0.000 	  94.299 	3a_glau 
  187  	   1.887 	   0.028 	   0.049 	   0.940 	   0.000 	  51.130 	  16.880 	  11.130 	  12.510 	   0.496 	   0.000 	  95.050 	3a_glau 
  188  	   1.773 	   0.000 	   0.062 	   0.976 	   0.033 	  51.880 	  14.950 	  11.060 	  14.020 	   0.465 	   0.000 	  95.219 	3a_glau 
  189  	   1.772 	   0.012 	   0.078 	   0.798 	   0.040 	  52.840 	  16.420 	  11.480 	  13.040 	   0.403 	   0.000 	  96.884 	3a_glau 
  190  	   0.920 	   0.021 	   0.048 	   0.453 	   0.008 	  53.580 	  14.770 	  12.020 	  14.180 	   0.401 	   0.000 	  96.402 	3a_glau 
  275  	   7.530 	   0.536 	   0.014 	   6.680 	   0.000 	  56.440 	  18.800 	   1.353 	   6.790 	   0.132 	   0.000 	  98.275 	3b_Glau 
  276  	   9.120 	   0.095 	   0.000 	   6.980 	   0.000 	  56.960 	  19.550 	   0.326 	   5.380 	   0.063 	   0.000 	  98.473 	3b_Glau 
  277  	   8.210 	   0.054 	   0.000 	   6.970 	   0.017 	  57.200 	  16.830 	   0.195 	   7.750 	   0.275 	   0.000 	  97.501 	5_glau_schräg 
  278  	   7.920 	   0.000 	   0.000 	   6.960 	   0.077 	  56.670 	  17.260 	   0.479 	   7.720 	   0.311 	   0.000 	  97.397 	5_glau_schräg 
  279  	   8.190 	   0.000 	   0.008 	   6.900 	   0.008 	  56.450 	  17.680 	   0.327 	   7.690 	   0.318 	   0.000 	  97.570 	5_glau 
  280  	   8.790 	   0.000 	   0.000 	   7.150 	   0.000 	  57.220 	  16.780 	   0.198 	   7.700 	   0.281 	   0.000 	  98.119 	5_glau 
  281  	   8.590 	   0.000 	   0.000 	   6.970 	   0.054 	  57.140 	  16.590 	   0.189 	   8.060 	   0.281 	   0.000 	  97.874 	5_glau 
  282  	  26.940 	   0.192 	  10.190 	   0.398 	   0.018 	  49.630 	   4.420 	   0.037 	   2.440 	   0.056 	   0.000 	  94.320 	5_glau_in_ab 
  283  	   7.620 	   0.000 	   0.000 	   6.750 	   0.015 	  57.190 	  17.680 	   0.315 	   7.850 	   0.299 	   0.000 	  97.718 	5_glau_schr 
  284  	   7.570 	   0.040 	   0.013 	   6.860 	   0.016 	  57.160 	  17.520 	   0.309 	   7.900 	   0.212 	   0.000 	  97.601 	5_glau_schr 
  285  	   7.870 	   0.086 	   0.000 	   7.030 	   0.000 	  57.110 	  16.940 	   0.396 	   8.050 	   0.271 	   0.000 	  97.752 	5_glau_schr 
  286  	   8.450 	   0.020 	   0.010 	   6.940 	   0.010 	  57.280 	  17.440 	   0.238 	   7.640 	   0.261 	   0.000 	  98.289 	5_glau 
  287  	   8.290 	   0.000 	   0.000 	   6.940 	   0.000 	  57.110 	  16.830 	   0.488 	   8.250 	   0.313 	   0.000 	  98.221 	5_glau_in_ep 
  288  	   8.590 	   0.010 	   0.000 	   6.970 	   0.000 	  57.130 	  16.240 	   0.392 	   8.170 	   0.323 	   0.000 	  97.826 	5_glau_in_ep 
  289  	   8.210 	   0.033 	   0.000 	   6.900 	   0.000 	  57.320 	  16.690 	   0.343 	   8.070 	   0.261 	   0.000 	  97.827 	5_glau_in_ep 
  290  	   8.860 	   0.000 	   0.007 	   7.240 	   0.000 	  57.050 	  16.940 	   0.244 	   7.860 	   0.327 	   0.000 	  98.528 	5_glau 
  291  	   8.620 	   0.051 	   0.012 	   7.180 	   0.012 	  56.880 	  16.460 	   0.161 	   7.670 	   0.277 	   0.000 	  97.322 	5_glau 
  292  	   9.430 	   0.026 	   0.000 	   7.100 	   0.000 	  57.200 	  15.450 	   0.398 	   8.150 	   0.255 	   0.000 	  98.009 	5_glau_schr 
  293  	   8.310 	   0.033 	   0.007 	   7.020 	   0.029 	  57.260 	  17.550 	   0.298 	   7.780 	   0.319 	   0.000 	  98.605 	5_glau_schr 
  294  	   9.620 	   0.000 	   0.000 	   7.130 	   0.035 	  57.860 	  15.370 	   0.241 	   8.170 	   0.310 	   0.000 	  98.736 	5_glau_schr 
  295  	   8.420 	   0.025 	   0.033 	   7.400 	   0.000 	  57.740 	  13.460 	   0.499 	  10.210 	   0.188 	   0.000 	  97.974 	2b_glau_g_z 
  296  	   9.070 	   0.063 	   0.000 	   7.320 	   0.000 	  58.560 	  13.510 	   0.349 	   9.800 	   0.174 	   0.000 	  98.846 	2b_glau_g_z 
  297  	   8.000 	   0.040 	   0.026 	   7.120 	   0.014 	  57.350 	  14.580 	   0.455 	   9.910 	   0.171 	   0.000 	  97.665 	2b_glau_g_z 
  298  	   9.250 	   0.025 	   0.026 	   7.040 	   0.047 	  57.330 	  12.120 	   2.010 	   9.750 	   0.132 	   0.000 	  97.730 	2b_glau_mond 
  299  	   9.240 	   0.091 	   0.000 	   6.990 	   0.000 	  58.550 	  12.440 	   0.318 	   9.780 	   0.158 	   0.000 	  97.567 	2b_glau 
  300  	   8.600 	   0.015 	   0.009 	   6.980 	   0.028 	  58.030 	  14.320 	   0.419 	   9.700 	   0.198 	   0.000 	  98.298 	2b_glau_schr 
  301  	   8.900 	   0.087 	   0.000 	   7.170 	   0.000 	  57.750 	  14.430 	   0.365 	   9.420 	   0.159 	   0.000 	  98.282 	2b_glau_schr 
  302  	   8.450 	   0.153 	   0.000 	   7.040 	   0.021 	  57.340 	  15.120 	   0.458 	   9.490 	   0.150 	   0.000 	  98.222 	2b_glau_schr 
  303  	   8.510 	   0.114 	   0.000 	   6.930 	   0.000 	  56.450 	  20.150 	   0.442 	   5.680 	   0.119 	   0.000 	  98.395 	3b_glau 
  304  	  10.200 	   0.083 	   0.008 	   6.800 	   0.000 	  56.430 	  18.850 	   0.681 	   5.370 	   0.102 	   0.000 	  98.524 	3b_glau 
  305  	   9.970 	   0.080 	   0.032 	   6.910 	   0.000 	  56.080 	  19.330 	   0.691 	   5.470 	   0.156 	   0.000 	  98.719 	3b_glau 
  306  	  12.150 	   0.028 	   0.025 	   6.230 	   0.022 	  54.470 	  17.300 	   2.300 	   4.490 	   0.247 	   0.000 	  97.261 	3b_glau_mit_chl 
  307  	   9.780 	   0.095 	   0.009 	   6.490 	   0.000 	  55.920 	  19.680 	   1.004 	   5.040 	   0.132 	   0.000 	  98.151 	3b_glau_mit_chl 
  308  	  10.530 	   0.188 	   0.014 	   6.700 	   0.027 	  55.960 	  18.780 	   0.695 	   5.320 	   0.139 	   0.000 	  98.353 	3b_glau_mit_chl 
  309  	   2.250 	   0.000 	   0.085 	   0.998 	   0.055 	  53.860 	  16.970 	  11.410 	  12.470 	   0.456 	   0.000 	  98.554 	3b_amph 
  310  	   1.541 	   0.078 	   0.062 	   0.757 	   0.000 	  54.790 	  17.690 	  11.380 	  12.290 	   0.442 	   0.000 	  99.029 	3b_amph 
  311  	   0.790 	   0.000 	   0.044 	   0.399 	   0.009 	  55.270 	  15.970 	  11.960 	  13.480 	   0.414 	   0.000 	  98.336 	3b_amph 
  312  	   1.292 	   0.000 	   0.067 	   0.781 	   0.010 	  54.450 	  17.240 	  11.430 	  12.490 	   0.398 	   0.000 	  98.157 	3b_amph 
  313  	   1.361 	   0.000 	   0.071 	   0.651 	   0.010 	  54.810 	  15.900 	  11.670 	  13.250 	   0.386 	   0.000 	  98.110 	3b_amph 
  314  	   2.200 	   0.019 	   0.058 	   0.960 	   0.032 	  54.360 	  16.410 	  11.100 	  12.770 	   0.488 	   0.000 	  98.398 	3b_ka 
  315  	   2.210 	   0.000 	   0.109 	   1.261 	   0.031 	  53.150 	  20.000 	  10.650 	  10.780 	   0.337 	   0.000 	  98.529 	3b_ka 
  316  	   1.535 	   0.028 	   0.056 	   0.593 	   0.000 	  54.150 	  16.400 	  11.760 	  12.880 	   0.410 	   0.000 	  97.812 	3b_ka 
  317  	   8.250 	   0.023 	   0.012 	   6.720 	   0.015 	  57.040 	  18.890 	   0.840 	   6.810 	   0.197 	   0.000 	  98.797 	3b_ka 
  318  	   8.960 	   0.049 	   0.000 	   6.720 	   0.000 	  56.920 	  17.630 	   0.769 	   6.520 	   0.178 	   0.000 	  97.746 	3b_ka 
  319  	   8.950 	   0.072 	   0.007 	   7.000 	   0.031 	  57.310 	  14.100 	   0.383 	   9.710 	   0.152 	   0.000 	  97.715 	2b_glau 
  320  	  10.090 	   0.000 	   0.000 	   7.160 	   0.073 	  57.760 	  12.120 	   0.335 	   9.910 	   0.128 	   0.000 	  97.576 	2b_glau 
  321  	   9.570 	   0.159 	   0.000 	   6.800 	   0.023 	  57.840 	  12.830 	   0.660 	   9.930 	   0.191 	   0.000 	  98.002 	2b_glau 
  322  	   8.590 	   0.041 	   0.019 	   7.320 	   0.008 	  56.570 	  14.110 	   0.456 	   9.640 	   0.193 	   0.000 	  96.948 	2b_glau_kopf 
  323  	   8.480 	   0.000 	   0.000 	   7.210 	   0.000 	  57.320 	  14.590 	   0.381 	   9.620 	   0.125 	   0.000 	  97.726 	2b_glau_kopf 
  324  	   7.610 	   0.000 	   0.000 	   7.200 	   0.000 	  57.060 	  15.630 	   0.563 	   9.720 	   0.171 	   0.000 	  97.954 	2b_glau_kopf 
  325  	   8.480 	   0.000 	   0.020 	   6.850 	   0.036 	  57.230 	  14.430 	   0.602 	   9.780 	   0.256 	   0.000 	  97.685 	2b_glau_in_car_g 
  326  	   8.580 	   0.051 	   0.016 	   6.770 	   0.000 	  57.120 	  14.000 	   0.616 	   9.620 	   0.200 	   0.000 	  96.973 	2b_glau_in_car_g 
  327  	   8.690 	   0.055 	   0.000 	   7.290 	   0.042 	  57.380 	  14.360 	   0.570 	   9.860 	   0.193 	   0.000 	  98.439 	2b_glau_in_car_g 
  328  	   8.140 	   0.071 	   0.000 	   7.030 	   0.011 	  57.030 	  16.410 	   0.335 	   8.320 	   0.269 	   0.000 	  97.616 	5_glau 
  329  	   7.640 	   0.065 	   0.000 	   7.020 	   0.030 	  56.480 	  17.060 	   0.371 	   8.400 	   0.245 	   0.000 	  97.311 	5_glau 
  330  	   7.950 	   0.000 	   0.000 	   6.940 	   0.009 	  56.920 	  16.900 	   0.217 	   7.940 	   0.219 	   0.000 	  97.094 	5_glau 
  331  	   7.440 	   0.080 	   0.015 	   6.970 	   0.000 	  56.490 	  17.260 	   0.297 	   8.330 	   0.264 	   0.000 	  97.146 	5_glau 
  332  	   8.910 	   0.011 	   0.000 	   6.870 	   0.000 	  57.120 	  16.660 	   0.236 	   7.500 	   0.273 	   0.000 	  97.580 	5_glau 
  333  	   2.300 	   0.019 	   0.075 	   1.068 	   0.000 	  53.490 	  16.890 	  11.080 	  12.210 	   0.428 	   0.000 	  97.561 	3b_amph 
  334  	   1.754 	   0.000 	   0.074 	   0.935 	   0.054 	  54.250 	  18.480 	  11.120 	  11.280 	   0.338 	   0.000 	  98.286 	3b_amph 
  335  	   2.230 	   0.019 	   0.080 	   0.941 	   0.099 	  54.090 	  16.550 	  11.420 	  13.000 	   0.427 	   0.000 	  98.857 	3b_amph 
  336  	   1.758 	   0.042 	   0.060 	   0.699 	   0.000 	  54.790 	  14.530 	  11.820 	  14.180 	   0.326 	   0.000 	  98.204 	3b_glau_innen 
  337  	   1.930 	   0.019 	   0.069 	   0.806 	   0.019 	  55.060 	  16.330 	  11.420 	  12.980 	   0.368 	   0.000 	  99.002 	3b_glau_aussen 
  338  	   1.920 	   0.000 	   0.055 	   0.635 	   0.030 	  55.350 	  15.000 	  11.510 	  13.540 	   0.328 	   0.000 	  98.369 	3b_glau_aussen 
  339  	   2.090 	   0.063 	   0.050 	   0.878 	   0.000 	  55.810 	  14.370 	  10.950 	  14.220 	   0.456 	   0.000 	  98.887 	3b_glau_aussen 
  340  	   1.596 	   0.009 	   0.040 	   0.766 	   0.033 	  55.670 	  14.510 	  11.520 	  14.140 	   0.366 	   0.000 	  98.651 	3b_glau 
  341  	   1.322 	   0.000 	   0.056 	   0.567 	   0.010 	  55.800 	  14.540 	  12.040 	  14.290 	   0.293 	   0.000 	  98.918 	3b_glau_aussen 
